Nazwa problemu: Sudoku_41
Czas do znalezienia pierwszego rozwiązania: 0.397
Liczba odwiedzonych węzłów drzewa do znalezienia pierwszego rozwiązania: 13739
Liczba nawrotów wykonanych do znalezienia pierwszego rozwiązania: 12315
Całkowity czas działania metody: 10.027
Całkowita liczba odwiedzonych węzłów drzewa: 1029758
Całkowita liczba nawrotów: 926718
Liczba rozwiązań: 46
 
Rozwiązania: 
329145768
648237159
715698342
587416923
194372685
263589417
876924531
951863274
432751896
 
329145768
648237159
715698342
587416923
194372685
263589417
976824531
851963274
432751896
 
329145768
648237159
715698342
857416923
194372685
263589417
976824531
581963274
432751896
 
329145768
648327159
715698342
587436921
194872635
263519487
476281593
851963274
932754816
 
329145768
648327159
715698342
587436921
194872635
263519487
976284513
851963274
432751896
 
329145768
648327159
715698342
857436921
194872635
263519487
476281593
581963274
932754816
 
329145768
648327159
715698342
857436921
194872635
263519487
976284513
581963274
432751896
 
329148765
678235149
415697382
587416923
194372658
263589417
736824591
851963274
942751836
 
329148765
678235149
415697382
857416923
194372658
263589417
736824591
581963274
942751836
 
329148765
678253149
415697382
587416923
194372658
263589417
742831596
831965274
956724831
 
329148765
678253149
415697382
857416923
194372658
263589417
786924531
931865274
542731896
 
329148765
678352149
415697382
587416923
194273658
263589417
742831596
831965274
956724831
 
329148765
678352149
415697382
857416923
194273658
263589417
786924531
931865274
542731896
 
329154768
648237159
715698342
587416923
194372685
263589417
476823591
831965274
952741836
 
329154768
648237159
715698342
587416923
194372685
263589417
872941536
931865274
456723891
 
329154768
648237159
715698342
587416923
194372685
263589417
872941536
951863274
436725891
 
329154768
648237159
715698342
587416923
194372685
263589417
972841536
831965274
456723891
 
329154768
648237159
715698342
587416923
194372685
263589417
972841536
851963274
436725891
 
329154768
648237159
715698342
587426913
194873625
263519487
472381596
831965274
956742831
 
329154768
648237159
715698342
587426913
194873625
263519487
476382591
831965274
952741836
 
329154768
648237159
715698342
587426931
194873625
263519487
472381596
831965274
956742813
 
329154768
648237159
715698342
857416923
194372685
263589417
972841536
581963274
436725891
 
329154768
648237159
715698342
857426913
194873625
263519487
472981536
981365274
536742891
 
329154768
648237159
715698342
857426913
194873625
263519487
476982531
981365274
532741896
 
329154768
648237159
715698342
857426931
194873625
263519487
476982513
981365274
532741896
 
329154768
648327159
715698342
587416923
194273685
263589417
472831596
831965274
956742831
 
329154768
648327159
715698342
587416923
194273685
263589417
476832591
831965274
952741836
 
329154768
648327159
715698342
587416923
194273685
263589417
872941536
931865274
456732891
 
329154768
648327159
715698342
587416923
194273685
263589417
876942531
931865274
452731896
 
329154768
648327159
715698342
587416923
194273685
263589417
972841536
831965274
456732891
 
329154768
648327159
715698342
587416923
194273685
263589417
976842531
831965274
452731896
 
329154768
648327159
715698342
587436921
194872635
263519487
476281593
831965274
952743816
 
329154768
648327159
715698342
587436921
194872635
263519487
476281593
851963274
932745816
 
329154768
648327159
715698342
857436921
194872635
263519487
476281593
581963274
932745816
 
329841765
678253149
415697382
587416923
194372658
263589417
742138596
831965274
956724831
 
329841765
678253149
415697382
857416923
194372658
263589417
782134596
531968274
946725831
 
329841765
678325149
415697382
857416923
194273658
263589417
782134596
531968274
946752831
 
329841765
678352149
415697382
587416923
194273658
263589417
742138596
831965274
956724831
 
329841765
678352149
415697382
857416923
194273658
263589417
782134596
531968274
946725831
 
329847165
618253749
475691382
587416923
194372658
263589417
742138596
831965274
956724831
 
329847165
618253749
475691382
857416923
194372658
263589417
782134596
531968274
946725831
 
329847165
618253749
745691382
587416923
194372658
263589417
472138596
831965274
956724831
 
329847165
618325749
475691382
857416923
194273658
263589417
782134596
531968274
946752831
 
329847165
618352749
475691382
587416923
194273658
263589417
742138596
831965274
956724831
 
329847165
618352749
475691382
857416923
194273658
263589417
782134596
531968274
946725831
 
329847165
618352749
745691382
587416923
194273658
263589417
472138596
831965274
956724831
 
